4.133851048724711541e-01 2.988655862409768105e-01
6.357778561315697852e-01 2.746332186597044700e-01
1.823311450228555231e-01 2.606950444560692803e-01
6.308075648937290225e-01 8.242749343314369481e-01
3.557581759242666175e-01 4.004787796647035769e-03
4.337114258677486900e-01 8.823558777386198981e-01
6.553940262097055491e-01 1.795823452393219277e-02
7.220773360338234026e-01 4.213939623721862926e-01
7.336968737224311976e-01 7.745991149428506084e-01
6.756112984589254244e-01 8.187532915477102602e-01
